DEPART
2.5 2
OBSTACLE
1.9 3

1.90192 2.98049

1.90761 2.96173

1.91685 2.94444

1.92929 2.92929

1.94444 2.91685

1.96173 2.90761

1.98049 2.90192

2 2.9

2.92929 2.92929

2.9 1

2.90192 0.980491

2.90761 0.961732

2.91685 0.944443

2.92929 0.929289

2.94444 0.916853

2.96173 0.907612

2.98049 0.901921

3 0.9

4 0.9

4.01951 0.901921

4.03827 0.907612

4.05556 0.916853

4.07071 0.929289

4.08315 0.944443

4.09239 0.961732

4.09808 0.980491

4.1 1

4.1 4

4.09808 4.01951

4.09239 4.03827

4.08315 4.05556

4.07071 4.07071

4.05556 4.08315

4.03827 4.09239

4.01951 4.09808

4 4.1

2 4.1

1.98049 4.09808

1.96173 4.09239

1.94444 4.08315

1.92929 4.07071

1.91685 4.05556

1.90761 4.03827

1.90192 4.01951

1.9 4
FIN_OBSTACLE
OBSTACLE
5 9.1

4.98049 9.09808

4.96173 9.09239

4.94444 9.08315

4.92929 9.07071

4.91685 9.05556

4.90761 9.03827

4.90192 9.01951

4.9 9

4.9 2

4.90192 1.98049

4.90761 1.96173

4.91685 1.94444

4.92929 1.92929

4.94444 1.91685

4.96173 1.90761

4.98049 1.90192

5 1.9

6 1.9

6.01951 1.90192

6.03827 1.90761

6.05556 1.91685

6.07071 1.92929

6.08315 1.94444

6.09239 1.96173

6.09808 1.98049

6.1 2

6.1 9

6.09808 9.01951

6.09239 9.03827

6.08315 9.05556

6.07071 9.07071

6.05556 9.08315

6.03827 9.09239

6.01951 9.09808

6 9.1
FIN_OBSTACLE
OBSTACLE
7 10.1

6.98049 10.0981

6.96173 10.0924

6.94444 10.0831

6.92929 10.0707

6.91685 10.0556

6.90761 10.0383

6.90192 10.0195

6.9 10

6.9 5

6.90192 4.98049

6.90761 4.96173

6.91685 4.94444

6.92929 4.92929

6.94444 4.91685

6.96173 4.90761

6.98049 4.90192

7 4.9

11 4.9

11.0195 4.90192

11.0383 4.90761

11.0556 4.91685

11.0707 4.92929

11.0831 4.94444

11.0924 4.96173

11.0981 4.98049

11.1 5

11.1 6

11.0981 6.01951

11.0924 6.03827

11.0831 6.05556

11.0707 6.07071

11.0556 6.08315

11.0383 6.09239

11.0195 6.09808

11 6.1

7.57071 6.07071

7.6 10

7.59808 10.0195

7.59239 10.0383

7.58315 10.0556

7.57071 10.0707

7.55556 10.0831

7.53827 10.0924

7.51951 10.0981

7.5 10.1
FIN_OBSTACLE
OBSTACLE
7.9 7

7.90192 6.98049

7.90761 6.96173

7.91685 6.94444

7.92929 6.92929

7.94444 6.91685

7.96173 6.90761

7.98049 6.90192

8 6.9

9 6.9

9.01951 6.90192

9.03827 6.90761

9.05556 6.91685

9.07071 6.92929

9.08315 6.94444

9.09239 6.96173

9.09808 6.98049

9.1 7

9.07071 7.92929

10 7.9

10.0195 7.90192

10.0383 7.90761

10.0556 7.91685

10.0707 7.92929

10.0831 7.94444

10.0924 7.96173

10.0981 7.98049

10.1 8

10.1 9

10.0981 9.01951

10.0924 9.03827

10.0831 9.05556

10.0707 9.07071

10.0556 9.08315

10.0383 9.09239

10.0195 9.09808

10 9.1

8 9.1

7.98049 9.09808

7.96173 9.09239

7.94444 9.08315

7.92929 9.07071

7.91685 9.05556

7.90761 9.03827

7.90192 9.01951

7.9 9
FIN_OBSTACLE
OBSTACLE
4.85723e-17 1.1

-0.019509 1.09808

-0.0382683 1.09239

-0.055557 1.08315

-0.0707107 1.07071

-0.083147 1.05556

-0.092388 1.03827

-0.0980785 1.01951

-0.1 1

-0.1 -6.93889e-18

-0.0980785 -0.019509

-0.092388 -0.0382683

-0.083147 -0.055557

-0.0707107 -0.0707107

-0.055557 -0.083147

-0.0382683 -0.092388

-0.019509 -0.0980785

-3.46945e-18 -0.1

12 -0.1

12.0195 -0.0980785

12.0383 -0.092388

12.0556 -0.083147

12.0707 -0.0707107

12.0831 -0.055557

12.0924 -0.0382683

12.0981 -0.019509

12.1 1.40166e-15

12.1 1

12.0981 1.01951

12.0924 1.03827

12.0831 1.05556

12.0707 1.07071

12.0556 1.08315

12.0383 1.09239

12.0195 1.09808

12 1.1
FIN_OBSTACLE
OBSTACLE
-1.04083e-16 12.1

-0.019509 12.0981

-0.0382683 12.0924

-0.055557 12.0831

-0.0707107 12.0707

-0.083147 12.0556

-0.092388 12.0383

-0.0980785 12.0195

-0.1 12

-0.1 11

-0.0980785 10.9805

-0.092388 10.9617

-0.083147 10.9444

-0.0707107 10.9293

-0.055557 10.9169

-0.0382683 10.9076

-0.019509 10.9019

1.40166e-15 10.9

12 10.9

12.0195 10.9019

12.0383 10.9076

12.0556 10.9169

12.0707 10.9293

12.0831 10.9444

12.0924 10.9617

12.0981 10.9805

12.1 11

12.1 12

12.0981 12.0195

12.0924 12.0383

12.0831 12.0556

12.0707 12.0707

12.0556 12.0831

12.0383 12.0924

12.0195 12.0981

12 12.1
FIN_OBSTACLE
OBSTACLE
-1.04083e-16 12.1

-0.019509 12.0981

-0.0382683 12.0924

-0.055557 12.0831

-0.0707107 12.0707

-0.083147 12.0556

-0.092388 12.0383

-0.0980785 12.0195

-0.1 12

-0.1 -6.93889e-18

-0.0980785 -0.019509

-0.092388 -0.0382683

-0.083147 -0.055557

-0.0707107 -0.0707107

-0.055557 -0.083147

-0.0382683 -0.092388

-0.019509 -0.0980785

-3.46945e-18 -0.1

1 -0.1

1.01951 -0.0980785

1.03827 -0.092388

1.05556 -0.083147

1.07071 -0.0707107

1.08315 -0.055557

1.09239 -0.0382683

1.09808 -0.019509

1.1 2.67147e-16

1.1 12

1.09808 12.0195

1.09239 12.0383

1.08315 12.0556

1.07071 12.0707

1.05556 12.0831

1.03827 12.0924

1.01951 12.0981

1 12.1
FIN_OBSTACLE
OBSTACLE
11 12.1

10.9805 12.0981

10.9617 12.0924

10.9444 12.0831

10.9293 12.0707

10.9169 12.0556

10.9076 12.0383

10.9019 12.0195

10.9 12

10.9 -1.04083e-16

10.9019 -0.019509

10.9076 -0.0382683

10.9169 -0.055557

10.9293 -0.0707107

10.9444 -0.083147

10.9617 -0.092388

10.9805 -0.0980785

11 -0.1

12 -0.1

12.0195 -0.0980785

12.0383 -0.092388

12.0556 -0.083147

12.0707 -0.0707107

12.0831 -0.055557

12.0924 -0.0382683

12.0981 -0.019509

12.1 1.40166e-15

12.1 12

12.0981 12.0195

12.0924 12.0383

12.0831 12.0556

12.0707 12.0707

12.0556 12.0831

12.0383 12.0924

12.0195 12.0981

12 12.1
FIN_OBSTACLE
OBSTACLE
3 8.1

2.98049 8.09808

2.96173 8.09239

2.94444 8.08315

2.92929 8.07071

2.91685 8.05556

2.90761 8.03827

2.90192 8.01951

2.9 8

2.9 5

2.90192 4.98049

2.90761 4.96173

2.91685 4.94444

2.92929 4.92929

2.94444 4.91685

2.96173 4.90761

2.98049 4.90192

3 4.9

4 4.9

4.01951 4.90192

4.03827 4.90761

4.05556 4.91685

4.07071 4.92929

4.08315 4.94444

4.09239 4.96173

4.09808 4.98049

4.1 5

4.1 8

4.09808 8.01951

4.09239 8.03827

4.08315 8.05556

4.07071 8.07071

4.05556 8.08315

4.03827 8.09239

4.01951 8.09808

4 8.1
FIN_OBSTACLE
ARRIVEE
10.5 7.5
